# File generated by CMD 3.8 (http://stev.oapd.inaf.it/cmd) on Sat Feb 15 11:02:28 UTC 2025
# isochrones based on PARSEC release v1.2S +  COLIBRI S_37 + S_35 + PR16
# Basic references: Bressan et al. (2012), MNRAS, 427, 127 + Chen et al. (2014, 2015), MNRAS, 444, 2525 + MNRAS, 452, 1068 + Tang et al. (2014), MNRAS, 445, 4287 + Marigo et al. (2017), ApJ, 835, 77 + Pastorelli al. (2019), MNRAS, 485, 5666 + Pastorelli al. (2020), MNRAS, in press
# Thermal pulse cycles included 
# On RGB, assumed Reimers mass loss with efficiency eta=0.2
# LPV periods and growth rates added cf. Trabucchi et al. (2019)
# but fundamental-mode LPV periods + transition are from Trabucchi et al. (2021)
# Photometric system: Gaia EDR3 (all Vegamags, Gaia passbands from ESA/Gaia website)
# Attention: photometry includes extinction of Av=0.5, with coefficients derived star-by-star, for Cardelli et al 89 + O'Donnell 94 Rv=3.1 extinction curve.
# Using YBC version of bolometric corrections as in Chen et al. (2019)
# O-rich circumstellar dpmod60alox40 dust from Groenewegen (2006)
# C-rich circumstellar AMCSIC15 dust from Groenewegen (2006)
# IMF: Kroupa (2001, 2002) + Kroupa et al. (2013) canonical two-part-power law IMF corrected for unresolved binaries 
# Kind of output: isochrone tables
# Zini     MH   logAge Mini        int_IMF         Mass   logL    logTe  logg  label   McoreTP C_O  period0  period1  period2  period3  period4  pmode  Mloss  tau1m   X   Y   Xc  Xn  Xo  Cexcess  Z 	 mbolmag  Gmag    G_BPmag  G_RPmag
0.00415 -0.56713 10.07188 0.0900000036 1.0816895926    0.090 -3.310  3.4118  5.302    1  0.000  0.545     0.00     0.00     0.00     0.00     0.00 -1 -4.59e-17      0.00 7.377e-01 2.581e-01 7.520e-04 2.028e-04 1.840e-03 -1.000 4.182e-03 13.046 15.029 18.227 13.540
0.00415 -0.56713 10.07188 0.1000000015 1.1711064122    0.100 -3.100  3.4412  5.255    1  0.000  0.545     0.00     0.00     0.00     0.00     0.00 -1 -7.45e-17      0.00 7.369e-01 2.589e-01 7.520e-04 2.028e-04 1.840e-03 -1.000 4.182e-03 12.521 14.283 16.977 12.856
0.00415 -0.56713 10.07188 0.1199999973 1.3193154249    0.120 -2.829  3.4741  5.195    1  0.000  0.545     0.00     0.00     0.00     0.00     0.00 -1 -1.36e-16      0.00 7.354e-01 2.604e-01 7.520e-04 2.028e-04 1.840e-03 -1.000 4.182e-03 11.843 13.312 15.389 11.985
0.00415 -0.56713 10.07188 0.1400000006 1.4384526719    0.140 -2.643  3.4934  5.153    1  0.000  0.545     0.00     0.00     0.00     0.00     0.00 -1 -2.03e-16      0.00 7.342e-01 2.616e-01 7.520e-04 2.028e-04 1.840e-03 -1.000 4.182e-03 11.378 12.683 14.447 11.423
0.00415 -0.56713 10.07188 0.1599999964 1.5372931554    0.160 -2.499  3.5065  5.120    1  0.000  0.545     0.00     0.00     0.00     0.00     0.00 -1 -2.74e-16      0.00 7.331e-01 2.627e-01 7.520e-04 2.028e-04 1.840e-03 -1.000 4.182e-03 11.018 12.221 13.813 11.007
0.00415 -0.56713 10.07188 0.1638613939 1.5545319572    0.164 -2.475  3.5084  5.113    1  0.000  0.545     0.00     0.00     0.00     0.00     0.00 -1 -2.89e-16      0.00 7.329e-01 2.629e-01 7.520e-04 2.028e-04 1.840e-03 -1.000 4.182e-03 10.958 12.147 13.715 10.939
0.00415 -0.56713 10.07188 0.1999999881 1.6938790356    0.200 -2.275  3.5242  5.062    1  0.000  0.545     0.00     0.00     0.00     0.00     0.00 -1  -4.4e-16      0.00 7.315e-01 2.643e-01 7.520e-04 2.029e-04 1.840e-03 -1.000 4.182e-03 10.456 11.534 12.932 10.379
0.00415 -0.56713 10.07188 0.2500000000 1.8403257998    0.250 -2.064  3.5376  5.003    1  0.000  0.545     0.00     0.00     0.00     0.00     0.00 -1 -1.17e-18      0.00 7.308e-01 2.651e-01 7.519e-04 2.029e-04 1.840e-03 -1.000 4.182e-03 9.931 10.927 12.212 9.812
0.00415 -0.56713 10.07188 0.3000000119 1.9529139769    0.300 -1.902  3.5468  4.957    1  0.000  0.545     0.00     0.00     0.00     0.00     0.00 -1 -6.32e-16      0.00 7.307e-01 2.651e-01 7.519e-04 2.029e-04 1.840e-03 -1.000 4.182e-03 9.526 10.472 11.690 9.382
0.00415 -0.56713 10.07188 0.3499999940 2.0434174644    0.350 -1.763  3.5549  4.916    1  0.000  0.545     0.00     0.00     0.00     0.00     0.00 -1 -4.36e-16      0.00 7.392e-01 2.566e-01 7.520e-04 2.028e-04 1.840e-03 -1.000 4.182e-03 9.177 10.082 11.247 9.014
0.00415 -0.56713 10.07188 0.3999999762 2.1185023988    0.400 -1.607  3.5668  4.866    1  0.000  0.545     0.00     0.00     0.00     0.00     0.00 -1 -1.81e-15      0.00 7.394e-01 2.564e-01 7.520e-04 2.028e-04 1.840e-03 -1.000 4.182e-03 8.788 9.635 10.727 8.599
0.00415 -0.56713 10.07188 0.4016624093 2.1207867080    0.402 -1.601  3.5673  4.864    1  0.000  0.545     0.00     0.00     0.00     0.00     0.00 -1 -1.84e-15      0.00 7.394e-01 2.564e-01 7.520e-04 2.028e-04 1.840e-03 -1.000 4.182e-03 8.773 9.617 10.706 8.583
0.00415 -0.56713 10.07188 0.4500000179 2.1822809362    0.450 -1.436  3.5819  4.806    1  0.000  0.545     0.00     0.00     0.00     0.00     0.00 -1 -2.72e-15      0.00 7.394e-01 2.564e-01 7.520e-04 2.028e-04 1.840e-03 -1.000 4.182e-03 8.360 9.140 10.154 8.142
0.00415 -0.56713 10.07188 0.4999999702 2.2374541023    0.500 -1.248  3.6033  4.750    1  0.000  0.545     0.00     0.00     0.00     0.00     0.00 -1 -4.24e-15      0.00 7.394e-01 2.564e-01 7.520e-04 2.028e-04 1.840e-03 -1.000 4.182e-03 7.889 8.591 9.510 7.642
0.00415 -0.56713 10.07188 0.5500000119 2.2836582633    0.550 -1.033  3.6338  4.698    1  0.000  0.544     0.00     0.00     0.00     0.00     0.00 -1 -7.03e-15      0.00 7.711e-01 2.252e-01 6.674e-04 1.802e-04 1.635e-03 -1.000 3.752e-03 7.352 7.959 8.754 7.079
0.00415 -0.56713 10.07188 0.5999999642 2.3211212854    0.600 -0.831  3.6668  4.666    1  0.000  0.544     0.00     0.00     0.00     0.00     0.00 -1 -1.11e-14      0.00 7.761e-01 2.203e-01 6.550e-04 1.769e-04 1.605e-03 -1.000 3.598e-03 6.847 7.343 8.003 6.550
0.00415 -0.56713 10.07188 0.6209569573 2.3347758788    0.621 -0.745  3.6811  4.652    1  0.000  0.544     0.00     0.00     0.00     0.00     0.00 -1 -1.35e-14      0.00 7.783e-01 2.181e-01 6.496e-04 1.755e-04 1.593e-03 -1.000 3.602e-03 6.633 7.087 7.699 6.328
0.00415 -0.56713 10.07188 0.6499999166 2.3520352771    0.650 -0.629  3.7002  4.633    1  0.000  0.543     0.00     0.00     0.00     0.00     0.00 -1 -1.76e-14      0.00 7.814e-01 2.150e-01 6.421e-04 1.734e-04 1.575e-03 -1.000 3.607e-03 6.343 6.751 7.309 6.033
0.00415 -0.56713 10.07188 0.6561654210 2.3554738942    0.656 -0.605  3.7040  4.628    1  0.000  0.543     0.00     0.00     0.00     0.00     0.00 -1 -1.87e-14      0.00 7.822e-01 2.142e-01 6.400e-04 1.729e-04 1.570e-03 -1.000 3.567e-03 6.282 6.683 7.231 5.973
0.00415 -0.56713 10.07188 0.6679363847 2.3618364994    0.668 -0.558  3.7111  4.617    1  0.000  0.544     0.00     0.00     0.00     0.00     0.00 -1 -2.09e-14      0.00 7.837e-01 2.127e-01 6.361e-04 1.719e-04 1.560e-03 -1.000 3.579e-03 6.165 6.554 7.083 5.858
0.00415 -0.56713 10.07188 0.6793082952 2.3677431922    0.679 -0.513  3.7179  4.606    1  0.000  0.543     0.00     0.00     0.00     0.00     0.00 -1 -2.25e-14      0.00 7.852e-01 2.112e-01 6.323e-04 1.709e-04 1.552e-03 -1.000 3.554e-03 6.052 6.431 6.944 5.749
0.00415 -0.56713 10.07188 0.6898615360 2.3730247904    0.690 -0.471  3.7240  4.595    1  0.000  0.543     0.00     0.00     0.00     0.00     0.00 -1 -1.36e-14      0.00 7.866e-01 2.099e-01 6.287e-04 1.699e-04 1.543e-03 -1.000 3.535e-03 5.947 6.318 6.817 5.647
0.00415 -0.56713 10.07188 0.6996902823 2.3777793731    0.700 -0.431  3.7296  4.585    1  0.000  0.543     0.00     0.00     0.00     0.00     0.00 -1 -2.27e-14      0.00 7.879e-01 2.086e-01 6.253e-04 1.690e-04 1.536e-03 -1.000 3.473e-03 5.848 6.213 6.699 5.553
0.00415 -0.56713 10.07188 0.7000000477 2.3779267258    0.700 -0.430  3.7298  4.584    1  0.000  0.543     0.00     0.00     0.00     0.00     0.00 -1 -2.85e-14      0.00 7.880e-01 2.085e-01 6.252e-04 1.690e-04 1.535e-03 -1.000 3.489e-03 5.844 6.209 6.695 5.549
0.00415 -0.56713 10.07188 0.7053982615 2.3804707323    0.705 -0.408  3.7328  4.578    1  0.000  0.542     0.00     0.00     0.00     0.00     0.00 -1    -3e-14      0.00 7.888e-01 2.077e-01 6.222e-04 1.684e-04 1.530e-03 -1.000 3.458e-03 5.790 6.152 6.631 5.498
0.00415 -0.56713 10.07188 0.7158241272 2.3852594331    0.716 -0.365  3.7386  4.564    1  0.000  0.540     0.00     0.00     0.00     0.00     0.00 -1 -3.34e-14      0.00 7.904e-01 2.061e-01 6.164e-04 1.673e-04 1.521e-03 -1.000 3.458e-03 5.683 6.040 6.507 5.397
0.00415 -0.56713 10.07188 0.7260230184 2.3897911727    0.726 -0.323  3.7441  4.550    1  0.000  0.539     0.00     0.00     0.00     0.00     0.00 -1 -3.72e-14      0.00 7.920e-01 2.045e-01 6.107e-04 1.662e-04 1.511e-03 -1.000 3.425e-03 5.577 5.931 6.386 5.298
0.00415 -0.56713 10.07188 0.7356074452 2.3939184347    0.735 -0.283  3.7491  4.535    1  0.000  0.537     0.00     0.00     0.00     0.00     0.00 -1 -1.73e-14      0.00 7.936e-01 2.030e-01 6.054e-04 1.651e-04 1.502e-03 -1.000 3.404e-03 5.477 5.828 6.272 5.205
0.00415 -0.56713 10.07188 0.7479336262 2.3990479479    0.748 -0.230  3.7553  4.515    1  0.000  0.536     0.00     0.00     0.00     0.00     0.00 -1 -2.73e-14      0.00 7.956e-01 2.011e-01 5.986e-04 1.638e-04 1.490e-03 -1.000 3.356e-03 5.345 5.695 6.126 5.083
0.00415 -0.56713 10.07188 0.7565011978 2.4025003034    0.756 -0.193  3.7590  4.497    1  0.000  0.535     0.00     0.00     0.00     0.00     0.00 -1 -1.44e-14      0.00 7.975e-01 1.992e-01 5.939e-04 1.625e-04 1.479e-03 -1.000 3.353e-03 5.252 5.601 6.025 4.997
0.00415 -0.56713 10.07188 0.7690557837 2.4073998164    0.768 -0.137  3.7640  4.469    1  0.000  0.535     0.00     0.00     0.00     0.00     0.00 -1 -2.54e-14      0.00 8.003e-01 1.964e-01 5.868e-04 1.606e-04 1.462e-03 -1.000 3.303e-03 5.113 5.462 5.875 4.867
0.00415 -0.56713 10.07188 0.7805592418 2.4117303620    0.780 -0.084  3.7685  4.440    1  0.000  0.535     0.00     0.00     0.00     0.00     0.00 -1 -1.45e-14      0.00 8.029e-01 1.938e-01 5.802e-04 1.589e-04 1.446e-03 -1.000 3.339e-03 4.980 5.329 5.733 4.743
0.00415 -0.56713 10.07188 0.7910814285 2.4155649336    0.790 -0.033  3.7722  4.410    1  0.000  0.534     0.00     0.00     0.00     0.00     0.00 -1 -4.96e-14      0.00 8.054e-01 1.913e-01 5.739e-04 1.572e-04 1.432e-03 -1.000 3.280e-03 4.853 5.202 5.598 4.624
0.00415 -0.56713 10.07188 0.7958672643 2.4172704930    0.795 -0.009  3.7739  4.395    1  0.000  0.534     0.00     0.00     0.00     0.00     0.00 -1 -8.71e-14      0.00 8.066e-01 1.902e-01 5.710e-04 1.564e-04 1.425e-03 -1.000 3.261e-03 4.793 5.143 5.536 4.568
0.00415 -0.56713 10.07188 0.7971438766 2.4177214704    0.796 -0.003  3.7743  4.391    1  0.000  0.534     0.00     0.00     0.00     0.00     0.00 -1 -8.88e-14      0.00 8.070e-01 1.898e-01 5.700e-04 1.562e-04 1.422e-03 -1.000 3.253e-03 4.777 5.127 5.519 4.553
0.00415 -0.56713 10.07188 0.8049260378 2.4204350623    0.804  0.038  3.7766  4.364    1  0.000  0.534     0.00     0.00     0.00     0.00     0.00 -1  -7.5e-15      0.00 8.095e-01 1.873e-01 5.638e-04 1.545e-04 1.407e-03 -1.000 3.210e-03 4.676 5.026 5.413 4.457
0.00415 -0.56713 10.07188 0.8123660088 2.4229735096    0.811  0.077  3.7785  4.336    1  0.000  0.534     0.00     0.00     0.00     0.00     0.00 -1 -1.39e-14      0.00 8.119e-01 1.849e-01 5.577e-04 1.529e-04 1.393e-03 -1.000 3.149e-03 4.576 4.927 5.310 4.362
0.00415 -0.56713 10.07188 0.8194971085 2.4253568887    0.818  0.116  3.7800  4.307    1  0.000  0.534     0.00     0.00     0.00     0.00     0.00 -1 -2.52e-14      0.00 8.142e-01 1.827e-01 5.522e-04 1.514e-04 1.380e-03 -1.000 3.120e-03 4.480 4.831 5.210 4.269
0.00415 -0.56713 10.07188 0.8295019269 2.4286214230    0.828  0.174  3.7816  4.261    1  0.000  0.533     0.00     0.00     0.00     0.00     0.00 -1 -5.88e-14      0.00 8.160e-01 1.810e-01 5.479e-04 1.503e-04 1.369e-03 -1.000 3.075e-03 4.336 4.688 5.063 4.130
0.00415 -0.56713 10.07188 0.8329466581 2.4297245753    0.832  0.194  3.7821  4.244    1  0.000  0.533     0.00     0.00     0.00     0.00     0.00 -1 -3.59e-14      0.00 8.162e-01 1.807e-01 5.474e-04 1.501e-04 1.368e-03 -1.000 3.091e-03 4.285 4.636 5.011 4.079
0.00415 -0.56713 10.07188 0.8407580256 2.4321876435    0.839  0.245  3.7820  4.197    1  0.000  0.533     0.00     0.00     0.00     0.00     0.00 -1 -1.25e-13      0.00 8.162e-01 1.807e-01 5.479e-04 1.503e-04 1.370e-03 -1.000 3.081e-03 4.158 4.509 4.884 3.952
0.00415 -0.56713 10.07188 0.8438009024 2.4331329368    0.842  0.265  3.7817  4.177    1  0.000  0.533     0.00     0.00     0.00     0.00     0.00 -1 -2.04e-13      0.00 8.161e-01 1.808e-01 5.483e-04 1.503e-04 1.370e-03 -1.000 3.076e-03 4.107 4.458 4.833 3.901
0.00415 -0.56713 10.07188 0.8440622091 2.4332137485    0.843  0.267  3.7817  4.175    1  0.000  0.533     0.00     0.00     0.00     0.00     0.00 -1 -2.05e-13      0.00 8.161e-01 1.808e-01 5.483e-04 1.503e-04 1.370e-03 -1.000 3.076e-03 4.103 4.454 4.829 3.897
0.00415 -0.56713 10.07188 0.8512905240 2.4354265762    0.850  0.320  3.7795  4.117    1  0.000  0.533     0.00     0.00     0.00     0.00     0.00 -1 -2.47e-13      0.00 8.150e-01 1.818e-01 5.529e-04 1.516e-04 1.383e-03 -1.000 3.139e-03 3.970 4.321 4.699 3.760
0.00415 -0.56713 10.07188 0.8525158167 2.4357974040    0.851  0.330  3.7790  4.106    1  0.000  0.533     0.00     0.00     0.00     0.00     0.00 -1 -2.57e-13      0.00 8.145e-01 1.824e-01 5.548e-04 1.522e-04 1.387e-03 -1.000 3.140e-03 3.946 4.297 4.677 3.735
0.00415 -0.56713 10.07188 0.8575496674 2.4373080910    0.856  0.371  3.7747  4.050    2  0.000  0.533     0.00     0.00     0.00     0.00     0.00 -1 -2.92e-13      0.00 8.075e-01 1.893e-01 5.760e-04 1.580e-04 1.440e-03 -1.000 3.266e-03 3.842 4.193 4.581 3.623
0.00415 -0.56713 10.07188 0.8622199297 2.4386915377    0.860  0.411  3.7670  3.982    2  0.000  0.534     0.00     0.00     0.00     0.00     0.00 -1 -1.85e-14      0.00 7.921e-01 2.044e-01 6.176e-04 1.694e-04 1.543e-03 -1.000 3.537e-03 3.743 4.094 4.496 3.509
0.00415 -0.56713 10.07188 0.8652563691 2.4395817984    0.863  0.435  3.7571  3.920    2  0.000  0.535     0.00     0.00     0.00     0.00     0.00 -1 -2.63e-14      0.00 7.779e-01 2.184e-01 6.524e-04 1.787e-04 1.627e-03 -1.000 3.680e-03 3.683 4.036 4.458 3.433
0.00415 -0.56713 10.07188 0.8671784997 2.4401416480    0.865  0.449  3.7470  3.866    2  0.000  0.536     0.00     0.00     0.00     0.00     0.00 -1  -3.5e-14      0.00 7.688e-01 2.274e-01 6.733e-04 1.843e-04 1.676e-03 -1.000 3.784e-03 3.648 4.006 4.448 3.385
0.00415 -0.56713 10.07188 0.8688316941 2.4406208878    0.867  0.467  3.7362  3.806    2  0.000  0.536     0.00     0.00     0.00     0.00     0.00 -1 -4.61e-14      0.00 7.620e-01 2.341e-01 6.886e-04 1.883e-04 1.713e-03 -1.000 3.894e-03 3.603 3.970 4.433 3.328
0.00415 -0.56713 10.07188 0.8701434731 2.4409996660    0.868  0.496  3.7278  3.744    2  0.000  0.536     0.00     0.00     0.00     0.00     0.00 -1 -6.01e-14      0.00 7.575e-01 2.386e-01 6.984e-04 1.909e-04 1.736e-03 -1.000 3.963e-03 3.531 3.907 4.388 3.250
0.00415 -0.56713 10.07188 0.8712177873 2.4413088990    0.869  0.533  3.7221  3.685    2  0.000  0.537     0.00     0.00     0.00     0.00     0.00 -1 -7.77e-14      0.00 7.541e-01 2.419e-01 7.049e-04 1.927e-04 1.751e-03 -1.000 3.996e-03 3.438 3.821 4.313 3.154
0.00415 -0.56713 10.07188 0.8717402816 2.4414589781    0.870  0.555  3.7198  3.654    2  0.000  0.537     0.00     0.00     0.00     0.00     0.00 -1 -8.96e-14      0.00 7.525e-01 2.435e-01 7.077e-04 1.934e-04 1.758e-03 -1.000 3.978e-03 3.383 3.769 4.267 3.098
0.00415 -0.56713 10.07188 0.8723717332 2.4416400779    0.870  0.587  3.7176  3.613    3  0.000  0.537     0.00     0.00     0.00     0.00     0.00 -1 -1.07e-13      0.00 7.506e-01 2.454e-01 7.106e-04 1.942e-04 1.765e-03 -1.000 3.993e-03 3.303 3.692 4.194 3.017
0.00415 -0.56713 10.07188 0.8731552362 2.4418643671    0.871  0.631  3.7152  3.560    3  0.000  0.537     0.00     0.00     0.00     0.00     0.00 -1 -1.35e-13      0.00 7.482e-01 2.478e-01 7.136e-04 1.951e-04 1.773e-03 -1.000 4.054e-03 3.193 3.587 4.094 2.908
0.00415 -0.56713 10.07188 0.8738244772 2.4420555809    0.872  0.672  3.7135  3.512    3  0.000  0.536     0.00     0.00     0.00     0.00     0.00 -1 -1.68e-13      0.00 7.460e-01 2.500e-01 7.155e-04 1.958e-04 1.778e-03 -1.000 4.053e-03 3.089 3.485 3.996 2.803
0.00415 -0.56713 10.07188 0.8744733334 2.4422406491    0.872  0.716  3.7120  3.463    3  0.000  0.536     0.00     0.00     0.00     0.00     0.00 -1 -2.08e-13      0.00 7.437e-01 2.522e-01 7.163e-04 1.966e-04 1.783e-03 -1.000 4.040e-03 2.980 3.379 3.893 2.695
0.00415 -0.56713 10.07188 0.8750283718 2.4423987079    0.873  0.756  3.7108  3.418    3  0.000  0.534     0.00     0.00     0.00     0.00     0.00 -1 -2.53e-13      0.00 7.417e-01 2.542e-01 7.157e-04 1.978e-04 1.786e-03 -1.000 4.071e-03 2.880 3.281 3.797 2.594
0.00415 -0.56713 10.07188 0.8755697012 2.4425526408    0.873  0.798  3.7096  3.371    3  0.000  0.531     0.00     0.00     0.00     0.00     0.00 -1  -3.1e-13      0.00 7.397e-01 2.562e-01 7.127e-04 2.005e-04 1.789e-03 -1.000 4.068e-03 2.775 3.178 3.697 2.489
0.00415 -0.56713 10.07188 0.8760905862 2.4427005537    0.874  0.841  3.7084  3.323    3  0.000  0.526     0.00     0.00     0.00     0.00     0.00 -1 -3.81e-13      0.00 7.377e-01 2.582e-01 7.075e-04 2.053e-04 1.792e-03 -1.000 4.085e-03 2.667 3.072 3.593 2.380
0.00415 -0.56713 10.07188 0.8765393496 2.4428278244    0.874  0.882  3.7073  3.279    3  0.000  0.521     0.00     0.00     0.00     0.00     0.00 -1 -4.59e-13      0.00 7.361e-01 2.598e-01 7.009e-04 2.123e-04 1.794e-03 -1.000 4.108e-03 2.566 2.973 3.497 2.280
0.00415 -0.56713 10.07188 0.8770059943 2.4429600076    0.875  0.927  3.7059  3.229    3  0.000  0.514     0.00     0.00     0.00     0.00     0.00 -1 -5.64e-13      0.00 7.344e-01 2.615e-01 6.928e-04 2.215e-04 1.796e-03 -1.000 4.121e-03 2.453 2.862 3.389 2.167
0.00415 -0.56713 10.07188 0.8774091601 2.4430740793    0.875  0.969  3.7047  3.182    3  0.000  0.509     0.00     0.00     0.00     0.00     0.00 -1  -6.8e-13      0.00 7.331e-01 2.628e-01 6.854e-04 2.304e-04 1.797e-03 -1.000 4.096e-03 2.348 2.760 3.290 2.062
0.00415 -0.56713 10.07188 0.8777623773 2.4431739195    0.875  1.008  3.7034  3.138    3  0.000  0.504     0.00     0.00     0.00     0.00     0.00 -1  -8.1e-13      0.00 7.321e-01 2.638e-01 6.791e-04 2.382e-04 1.798e-03 -1.000 4.078e-03 2.249 2.664 3.196 1.964
0.00415 -0.56713 10.07188 0.8781035542 2.4432702688    0.875  1.050  3.7021  3.091    3  0.000  0.499     0.00     0.00     0.00     0.00     0.00 -1 -9.72e-13      0.00 7.311e-01 2.648e-01 6.735e-04 2.452e-04 1.799e-03 -1.000 4.081e-03 2.146 2.562 3.097 1.860
0.00415 -0.56713 10.07188 0.8784214258 2.4433599591    0.876  1.091  3.7007  3.044    3  0.000  0.496     0.00     0.00     0.00     0.00     0.00 -1 -1.16e-12      0.00 7.304e-01 2.655e-01 6.689e-04 2.512e-04 1.800e-03 -1.000 4.093e-03 2.042 2.461 2.999 1.757
0.00415 -0.56713 10.07188 0.8787954450 2.4434653963    0.876  1.145  3.6987  2.982    3  0.000  0.493     0.00     0.00     0.00     0.00     0.00 -1 -1.46e-12      0.00 7.297e-01 2.662e-01 6.651e-04 2.560e-04 1.800e-03 -1.000 4.118e-03 1.907 2.331 2.874 1.623
0.00415 -0.56713 10.07188 0.8790445924 2.4435355746    0.876  1.184  3.6973  2.937    3  0.000  0.491     0.00     0.00     0.00     0.00     0.00 -1 -1.72e-12      0.00 7.294e-01 2.665e-01 6.632e-04 2.585e-04 1.801e-03 -1.000 4.090e-03 1.809 2.236 2.782 1.525
0.00415 -0.56713 10.07188 0.8792774081 2.4436011113    0.876  1.224  3.6957  2.892    3  0.000  0.490     0.00     0.00     0.00     0.00     0.00 -1 -2.03e-12      0.00 7.291e-01 2.668e-01 6.617e-04 2.604e-04 1.801e-03 -1.000 4.089e-03 1.710 2.141 2.691 1.426
0.00415 -0.56713 10.07188 0.8794935346 2.4436619144    0.876  1.263  3.6941  2.846    3  0.000  0.489     0.00     0.00     0.00     0.00     0.00 -1 -2.39e-12      0.00 7.290e-01 2.669e-01 6.609e-04 2.615e-04 1.801e-03 -1.000 4.108e-03 1.612 2.046 2.601 1.328
0.00415 -0.56713 10.07188 0.8797503710 2.4437341257    0.877  1.314  3.6920  2.787    3  0.000  0.489     0.00     0.00     0.00     0.00     0.00 -1 -2.94e-12      0.00 7.289e-01 2.670e-01 6.605e-04 2.619e-04 1.801e-03 -1.000 4.135e-03 1.486 1.925 2.485 1.202
0.00415 -0.56713 10.07188 0.8799758554 2.4437974822    0.877  1.362  3.6898  2.730    3  0.000  0.489     0.00     0.00     0.00     0.00     0.00 -1 -3.58e-12      0.00 7.289e-01 2.670e-01 6.604e-04 2.621e-04 1.801e-03 -1.000 4.136e-03 1.364 1.808 2.373 1.081
0.00415 -0.56713 10.07188 0.8801812530 2.4438551623    0.877  1.411  3.6876  2.673    3  0.000  0.489     0.00     0.00     0.00     0.00     0.00 -1 -4.35e-12      0.00 7.289e-01 2.670e-01 6.603e-04 2.622e-04 1.801e-03 -1.000 4.136e-03 1.243 1.693 2.264 0.962
0.00415 -0.56713 10.07188 0.8803709149 2.4439083960    0.877  1.460  3.6853  2.615    3  0.000  0.489     0.00     0.00     0.00     0.00     0.00 -1 -5.29e-12      0.00 7.288e-01 2.670e-01 6.603e-04 2.623e-04 1.801e-03 -1.000 4.137e-03 1.121 1.577 2.154 0.842
0.00415 -0.56713 10.07188 0.8805368543 2.4439549497    0.877  1.506  3.6830  2.559    3  0.000  0.489     0.00     0.00     0.00     0.00     0.00 -1 -6.35e-12      0.00 7.288e-01 2.670e-01 6.602e-04 2.624e-04 1.802e-03 -1.000 4.137e-03 1.006 1.468 2.050 0.728
0.00415 -0.56713 10.07188 0.8806878924 2.4439973053    0.877  1.551  3.6808  2.505    3  0.000  0.489     0.00     0.00     0.00     0.00     0.00 -1 -7.59e-12      0.00 7.288e-01 2.670e-01 6.601e-04 2.625e-04 1.802e-03 -1.000 4.137e-03 0.893 1.361 1.949 0.617
0.00415 -0.56713 10.07188 0.8808227181 2.4440351004    0.877  1.594  3.6785  2.453    3  0.000  0.489     0.00     0.00     0.00     0.00     0.00 -1    -9e-12      0.00 7.288e-01 2.671e-01 6.601e-04 2.626e-04 1.802e-03 -1.000 4.137e-03 0.785 1.259 1.854 0.510
0.00415 -0.56713 10.07188 0.8809521794 2.4440713792    0.877  1.637  3.6762  2.401    3  0.000  0.489     0.00     0.00     0.00     0.00     0.00 -1 -1.07e-11      0.00 7.288e-01 2.671e-01 6.600e-04 2.627e-04 1.802e-03 -1.000 4.137e-03 0.678 1.158 1.759 0.404
0.00415 -0.56713 10.07188 0.8810843229 2.4441083970    0.877  1.673  3.6744  2.358    3  0.000  0.488     0.00     0.00     0.00     0.00     0.00 -1 -1.23e-11      0.00 7.288e-01 2.671e-01 6.600e-04 2.628e-04 1.802e-03 -1.000 4.138e-03 0.588 1.073 1.680 0.315
0.00415 -0.56713 10.07188 0.8812168241 2.4441455021    0.876  1.703  3.6728  2.321    3  0.000  0.488     0.00     0.00     0.00     0.00     0.00 -1 -1.39e-11      0.00 7.288e-01 2.671e-01 6.599e-04 2.628e-04 1.802e-03 -1.000 4.138e-03 0.513 1.002 1.614 0.240
0.00415 -0.56713 10.07188 0.8813415766 2.4441804256    0.876  1.672  3.6752  2.361    3  0.000  0.488     0.00     0.00     0.00     0.00     0.00 -1 -1.28e-11      0.00 7.288e-01 2.671e-01 6.599e-04 2.629e-04 1.802e-03 -1.000 4.138e-03 0.590 1.072 1.677 0.316
0.00415 -0.56713 10.07188 0.8813781142 2.4441906519    0.876  1.660  3.6760  2.377    3  0.000  0.488     0.00     0.00     0.00     0.00     0.00 -1 -1.23e-11      0.00 7.288e-01 2.671e-01 6.598e-04 2.629e-04 1.802e-03 -1.000 4.138e-03 0.620 1.100 1.703 0.346
0.00415 -0.56713 10.07188 0.8814961910 2.4442236930    0.876  1.712  3.6731  2.313    3  0.000  0.488     0.00     0.00     0.00     0.00     0.00 -1 -1.48e-11      0.00 7.288e-01 2.671e-01 6.598e-04 2.630e-04 1.802e-03 -1.000 4.138e-03 0.490 0.978 1.590 0.217
0.00415 -0.56713 10.07188 0.8815944791 2.4442511889    0.876  1.757  3.6705  2.257    3  0.000  0.488     0.00     0.00     0.00     0.00     0.00 -1 -1.76e-11      0.00 7.288e-01 2.671e-01 6.598e-04 2.631e-04 1.802e-03 -1.000 4.139e-03 0.376 0.872 1.491 0.105
0.00415 -0.56713 10.07188 0.8816883564 2.4442774443    0.876  1.804  3.6677  2.199    3  0.000  0.488     0.00     0.00     0.00     0.00     0.00 -1 -2.11e-11      0.00 7.288e-01 2.671e-01 6.597e-04 2.631e-04 1.802e-03 -1.000 4.139e-03 0.260 0.763 1.391 -0.009
0.00415 -0.56713 10.07188 0.8817740679 2.4443014103    0.876  1.850  3.6650  2.143    3  0.000  0.488     0.00     0.00     0.00     0.00     0.00 -1 -2.52e-11      0.00 7.287e-01 2.671e-01 6.597e-04 2.632e-04 1.802e-03 -1.000 4.139e-03 0.146 0.657 1.293 -0.122
0.00415 -0.56713 10.07188 0.8818510175 2.4443229218    0.875  1.894  3.6623  2.087    3  0.000  0.488     0.00     0.00     0.00     0.00     0.00 -1 -2.99e-11      0.00 7.287e-01 2.671e-01 6.597e-04 2.632e-04 1.802e-03 -1.000 4.139e-03 0.034 0.554 1.199 -0.231
0.00415 -0.56713 10.07188 0.8819214106 2.4443425966    0.875  1.938  3.6595  2.032    3  0.000  0.488     0.00     0.00     0.00     0.00     0.00 -1 -3.54e-11      0.00 7.287e-01 2.671e-01 6.596e-04 2.633e-04 1.802e-03 -1.000 4.139e-03 -0.075 0.452 1.107 -0.339
0.00415 -0.56713 10.07188 0.8819871545 2.4443609687    0.875  1.982  3.6567  1.976    3  0.000  0.488     0.00     0.00     0.00     0.00     0.00 -1 -4.19e-11      0.00 7.287e-01 2.671e-01 6.596e-04 2.633e-04 1.802e-03 -1.000 4.139e-03 -0.186 0.351 1.015 -0.446
0.00415 -0.56713 10.07188 0.8820465803 2.4443775725    0.875  2.025  3.6539  1.922    3  0.000  0.488     0.00     0.00     0.00     0.00     0.00 -1 -4.95e-11      0.00 7.287e-01 2.671e-01 6.596e-04 2.633e-04 1.802e-03 -1.000 4.139e-03 -0.293 0.253 0.926 -0.551
0.00415 -0.56713 10.07188 0.8821018934 2.4443930249    0.874  2.069  3.6511  1.867    3  0.000  0.488     0.00     0.00     0.00     0.00     0.00 -1 -5.84e-11      0.00 7.287e-01 2.671e-01 6.595e-04 2.634e-04 1.802e-03 -1.000 4.140e-03 -0.402 0.154 0.837 -0.656
0.00415 -0.56713 10.07188 0.8821521401 2.4444070600    0.874  2.112  3.6482  1.813    3  0.000  0.488     0.00     0.00     0.00     0.00     0.00 -1 -6.88e-11      0.00 7.287e-01 2.671e-01 6.595e-04 2.634e-04 1.802e-03 -1.000 4.140e-03 -0.509 0.057 0.750 -0.759
0.00415 -0.56713 10.07188 0.8821982145 2.4444199281    0.873  2.154  3.6453  1.759    3  0.000  0.488     0.00     0.00     0.00     0.00     0.00 -1 -8.09e-11      0.00 7.287e-01 2.671e-01 6.595e-04 2.634e-04 1.802e-03 -1.000 4.140e-03 -0.615 -0.038 0.665 -0.860
0.00415 -0.56713 10.07188 0.8822401166 2.4444316295    0.873  2.196  3.6425  1.705    3  0.000  0.488     0.00     0.00     0.00     0.00     0.00 -1 -9.48e-11      0.00 7.287e-01 2.671e-01 6.595e-04 2.635e-04 1.802e-03 -1.000 4.140e-03 -0.719 -0.130 0.582 -0.959
0.00415 -0.56713 10.07188 0.8822786808 2.4444423977    0.872  2.237  3.6396  1.652    3  0.000  0.488     0.00     0.00     0.00     0.00     0.00 -1 -1.11e-10      0.00 7.287e-01 2.671e-01 6.595e-04 2.635e-04 1.802e-03 -1.000 4.140e-03 -0.822 -0.222 0.501 -1.057
0.00415 -0.56713 10.07188 0.8823147416 2.4444524659    0.872  2.278  3.6367  1.599    3  0.000  0.488     0.00     0.00     0.00     0.00     0.00 -1  -1.3e-10      0.00 7.287e-01 2.671e-01 6.595e-04 2.635e-04 1.802e-03 -1.000 4.140e-03 -0.926 -0.312 0.421 -1.153
0.00415 -0.56713 10.07188 0.8823471069 2.4444615015    0.871  2.318  3.6339  1.547    3  0.000  0.488     0.00     0.00     0.00     0.00     0.00 -1 -1.51e-10      0.00 7.287e-01 2.672e-01 6.594e-04 2.635e-04 1.802e-03 -1.000 4.140e-03 -1.026 -0.399 0.344 -1.246
0.00415 -0.56713 10.07188 0.8823776841 2.4444700372    0.870  2.359  3.6309  1.494    3  0.000  0.488     0.00     0.00     0.00     0.00     0.00 -1 -1.77e-10      0.00 7.287e-01 2.672e-01 6.594e-04 2.635e-04 1.802e-03 -1.000 4.140e-03 -1.128 -0.487 0.267 -1.340
0.00415 -0.56713 10.07188 0.8824049234 2.4444776406    0.870  2.398  3.6281  1.443    3  0.000  0.488     0.00     0.00     0.00     0.00     0.00 -1 -2.05e-10      0.00 7.287e-01 2.672e-01 6.594e-04 2.635e-04 1.802e-03 -1.000 4.140e-03 -1.226 -0.570 0.195 -1.431
0.00415 -0.56713 10.07188 0.8824306130 2.4444848109    0.869  2.438  3.6252  1.391    3  0.000  0.488     0.00     0.00     0.00     0.00     0.00 -1 -2.39e-10      0.00 7.287e-01 2.672e-01 6.594e-04 2.636e-04 1.802e-03 -1.000 4.140e-03 -1.326 -0.654 0.123 -1.523
0.00415 -0.56713 10.07188 0.8824543953 2.4444914484    0.868  2.478  3.6222  1.340    3  0.000  0.488     0.00     0.00     0.00     0.00     0.00 -1 -2.77e-10      0.00 7.287e-01 2.672e-01 6.594e-04 2.636e-04 1.802e-03 -1.000 4.140e-03 -1.424 -0.737 0.053 -1.613
0.00415 -0.56713 10.07188 0.8824759126 2.4444974534    0.867  2.516  3.6193  1.289    3  0.000  0.488    10.75     7.98     5.58     4.33     3.50  3 -3.21e-10      0.00 7.287e-01 2.672e-01 6.594e-04 2.636e-04 1.802e-03 -1.000 4.140e-03 -1.520 -0.817 -0.015 -1.701
0.00415 -0.56713 10.07188 0.8824966550 2.4445032418    0.866  2.556  3.6163  1.237    3  0.000  0.488    11.99     8.76     6.11     4.74     3.84  3 -3.73e-10      0.00 7.287e-01 2.672e-01 6.594e-04 2.636e-04 1.802e-03 -1.000 4.140e-03 -1.619 -0.899 -0.083 -1.790
0.00415 -0.56713 10.07188 0.8825148344 2.4445083147    0.865  2.593  3.6134  1.188    3  0.000  0.488    13.29     9.58     6.65     5.16     4.18  3  -4.3e-10      0.00 7.287e-01 2.672e-01 6.594e-04 2.636e-04 1.802e-03 -1.000 4.140e-03 -1.712 -0.975 -0.146 -1.874
0.00415 -0.56713 10.07188 0.8825320601 2.4445131213    0.864  2.630  3.6106  1.139    3  0.000  0.488    14.73    10.46     7.23     5.63     4.56  3 -4.95e-10      0.00 7.287e-01 2.672e-01 6.594e-04 2.636e-04 1.802e-03 -1.000 4.140e-03 -1.805 -1.052 -0.210 -1.959
0.00415 -0.56713 10.07188 0.8825479746 2.4445175618    0.863  2.667  3.6078  1.090    3  0.000  0.488    16.32    11.42     7.86     6.13     4.97  3  -5.7e-10      0.00 7.287e-01 2.672e-01 6.594e-04 2.636e-04 1.802e-03 -1.000 4.140e-03 -1.897 -1.127 -0.271 -2.041
0.00415 -0.56713 10.07188 0.8825626969 2.4445216695    0.862  2.703  3.6049  1.042    3  0.000  0.488    18.07    12.47     8.55     6.67     5.41  3 -6.54e-10      0.00 7.287e-01 2.672e-01 6.594e-04 2.636e-04 1.802e-03 -1.000 4.140e-03 -1.988 -1.199 -0.329 -2.121
0.00415 -0.56713 10.07188 0.8825767636 2.4445255942    0.860  2.740  3.6019  0.992    3  0.000  0.488    20.04    13.62     9.30     7.27     5.89  2 -7.53e-10      0.00 7.287e-01 2.672e-01 6.593e-04 2.637e-04 1.802e-03 -1.000 4.140e-03 -2.080 -1.272 -0.387 -2.202
0.00415 -0.56713 10.07188 0.8825922012 2.4445299011    0.859  2.783  3.5986  0.935    3  0.000  0.488    22.60    15.10    10.26     8.03     6.51  2 -8.87e-10      0.00 7.287e-01 2.672e-01 6.593e-04 2.637e-04 1.802e-03 -1.000 4.140e-03 -2.187 -1.357 -0.453 -2.297
0.00415 -0.56713 10.07188 0.8826065063 2.4445338920    0.857  2.825  3.5951  0.878    3  0.000  0.488    25.48    16.74    11.32     8.87     7.20  2 -1.04e-09      0.00 7.287e-01 2.672e-01 6.593e-04 2.637e-04 1.802e-03 -1.000 4.140e-03 -2.294 -1.439 -0.515 -2.389
0.00415 -0.56713 10.07188 0.8826174140 2.4445369349    0.855  2.860  3.5922  0.831    3  0.000  0.488    28.13    18.22    12.28     9.63     7.82  2 -1.19e-09      0.00 7.287e-01 2.672e-01 6.593e-04 2.637e-04 1.802e-03 -1.000 4.140e-03 -2.380 -1.505 -0.564 -2.464
0.00415 -0.56713 10.07188 0.8826298714 2.4445404100    0.853  2.902  3.5887  0.773    3  0.000  0.488    31.71    20.19    13.54    10.64     8.64  2  -1.4e-09      0.00 7.287e-01 2.672e-01 6.593e-04 2.637e-04 1.802e-03 -1.000 4.140e-03 -2.485 -1.584 -0.621 -2.554
0.00415 -0.56713 10.07188 0.8826407790 2.4445434527    0.850  2.941  3.5854  0.720    3  0.000  0.488    35.48    22.23    14.84    11.68     9.49  2 -1.63e-09      0.00 7.287e-01 2.672e-01 6.593e-04 2.637e-04 1.802e-03 -1.000 4.140e-03 -2.583 -1.656 -0.672 -2.637
0.00415 -0.56713 10.07188 0.8826511502 2.4445463458    0.848  2.981  3.5820  0.665    3  0.000  0.488    39.77    24.51    16.29    12.84    10.43  2  -1.9e-09      0.00 7.287e-01 2.672e-01 6.593e-04 2.637e-04 1.802e-03 -1.000 4.140e-03 -2.682 -1.729 -0.722 -2.721
0.00415 -0.56713 10.07188 0.8826605082 2.4445489561    0.845  3.019  3.5787  0.613    3  0.000  0.488    44.37    26.91    17.82    14.06    11.43  1  -2.2e-09      0.00 7.287e-01 2.672e-01 6.593e-04 2.637e-04 1.802e-03 -1.000 4.140e-03 -2.776 -1.795 -0.765 -2.799
0.00415 -0.56713 10.07188 0.8826694489 2.4445514499    0.842  3.057  3.5753  0.560    3  0.000  0.488    49.62    29.61    19.52    15.43    12.54  1 -2.55e-09      0.00 7.287e-01 2.672e-01 6.593e-04 2.637e-04 1.802e-03 -1.000 4.140e-03 -2.872 -1.860 -0.802 -2.876
0.00415 -0.56713 10.07188 0.8826774955 2.4445536943    0.839  3.093  3.5721  0.509    3  0.000  0.488    55.16    32.41    21.27    16.85    13.69  1 -2.94e-09      0.00 7.287e-01 2.672e-01 6.593e-04 2.637e-04 1.802e-03 -1.000 4.141e-03 -2.961 -1.920 -0.836 -2.948
0.00415 -0.56713 10.07188 0.8826849461 2.4445557724    0.835  3.128  3.5688  0.459    3  0.000  0.488    61.22    35.43    23.16    18.37    14.93  1 -3.37e-09      0.00 7.287e-01 2.672e-01 6.593e-04 2.637e-04 1.802e-03 -1.000 4.140e-03 -3.049 -1.976 -0.862 -3.018
0.00415 -0.56713 10.07188 0.8826917410 2.4445576677    0.832  3.161  3.5656  0.411    3  0.000  0.488    67.75    38.62    25.15    19.97    16.24  1 -3.85e-09      0.00 7.287e-01 2.672e-01 6.593e-04 2.637e-04 1.802e-03 -1.000 4.140e-03 -3.134 -2.026 -0.877 -3.083
0.00415 -0.56713 10.07188 0.8826981783 2.4445594631    0.828  3.195  3.5624  0.363    3  0.000  0.488    74.95    42.09    27.30    21.71    17.65  1 -4.39e-09      0.00 7.287e-01 2.672e-01 6.593e-04 2.637e-04 1.802e-03 -1.000 4.141e-03 -3.217 -2.075 -0.890 -3.146
0.00415 -0.56713 10.07188 0.8827040792 2.4445611089    0.824  3.227  3.5592  0.316    3  0.000  0.488    82.71    45.77    29.57    23.55    19.15  1 -4.99e-09      0.00 7.287e-01 2.672e-01 6.593e-04 2.637e-04 1.802e-03 -1.000 4.140e-03 -3.297 -2.119 -0.896 -3.205
0.00415 -0.56713 10.07188 0.8827098012 2.4445627048    0.819  3.259  3.5558  0.267    3  0.000  0.488    91.53    49.89    32.10    25.60    20.83  0  -5.7e-09      0.00 7.287e-01 2.672e-01 6.593e-04 2.637e-04 1.802e-03 -1.000 4.141e-03 -3.379 -2.159 -0.888 -3.262
0.00415 -0.56713 10.07188 0.8827149868 2.4445641510    0.815  3.290  3.5526  0.221    3  0.000  0.488   100.81    54.15    34.71    27.72    22.55  0 -6.46e-09      0.00 7.287e-01 2.672e-01 6.593e-04 2.637e-04 1.802e-03 -1.000 4.141e-03 -3.456 -2.196 -0.880 -3.316
0.00415 -0.56713 10.07188 0.8827199340 2.4445655308    0.810  3.320  3.5496  0.176    3  0.000  0.488   110.73    58.63    37.44    29.94    24.37  0 -7.29e-09      0.00 7.287e-01 2.672e-01 6.593e-04 2.637e-04 1.802e-03 -1.000 4.141e-03 -3.530 -2.231 -0.869 -3.367
0.00415 -0.56713 10.07188 0.8827254176 2.4445670601    0.803  3.353  3.5462  0.126    3  0.000  0.488   122.98    64.06    40.74    32.64    26.56  0 -8.35e-09      0.00 7.287e-01 2.672e-01 6.593e-04 2.637e-04 1.802e-03 -1.000 4.141e-03 -3.613 -2.264 -0.838 -3.420
0.00415 -0.56713 10.07188 0.8827288151 2.4445680076    0.799  3.373  3.5442  0.096    3  0.000  0.488   130.92    67.53    42.84    34.35    27.96  0 -9.07e-09      0.00 7.287e-01 2.672e-01 6.593e-04 2.637e-04 1.802e-03 -1.000 4.141e-03 -3.663 -2.284 -0.820 -3.451
0.00415 -0.56713 10.07188 0.8827288151 2.4445680076    0.797  1.711  3.7056  2.403    4  0.000  0.498     0.00     0.00     0.00     0.00     0.00 -1    -1e-30      0.00 7.302e-01 2.656e-01 6.725e-04 2.477e-04 1.800e-03 -1.000 4.172e-03 0.493 0.905 1.433 0.208
0.00415 -0.56713 10.07188 0.8827906251 2.4445852442    0.797  1.723  3.7047  2.388    4  0.000  0.498     0.00     0.00     0.00     0.00     0.00 -1    -1e-30      0.00 7.302e-01 2.656e-01 6.725e-04 2.477e-04 1.800e-03 -1.000 4.172e-03 0.463 0.876 1.406 0.178
0.00415 -0.56713 10.07188 0.8828483224 2.4446013313    0.797  1.726  3.7045  2.384    4  0.000  0.498     0.00     0.00     0.00     0.00     0.00 -1    -1e-30      0.00 7.302e-01 2.656e-01 6.725e-04 2.477e-04 1.800e-03 -1.000 4.172e-03 0.455 0.868 1.399 0.169
0.00415 -0.56713 10.07188 0.8829066157 2.4446175823    0.797  1.727  3.7047  2.383    4  0.000  0.498     0.00     0.00     0.00     0.00     0.00 -1    -1e-30      0.00 7.302e-01 2.656e-01 6.725e-04 2.477e-04 1.800e-03 -1.000 4.172e-03 0.452 0.865 1.395 0.166
0.00415 -0.56713 10.07188 0.8829663396 2.4446342294    0.797  1.727  3.7050  2.385    4  0.000  0.498     0.00     0.00     0.00     0.00     0.00 -1    -1e-30      0.00 7.302e-01 2.656e-01 6.725e-04 2.477e-04 1.800e-03 -1.000 4.172e-03 0.452 0.865 1.394 0.167
0.00415 -0.56713 10.07188 0.8830251694 2.4446506248    0.797  1.726  3.7056  2.388    4  0.000  0.498     0.00     0.00     0.00     0.00     0.00 -1    -1e-30      0.00 7.302e-01 2.656e-01 6.725e-04 2.477e-04 1.800e-03 -1.000 4.173e-03 0.456 0.867 1.395 0.170
0.00415 -0.56713 10.07188 0.8830862045 2.4446676322    0.797  1.724  3.7062  2.393    4  0.000  0.498     0.00     0.00     0.00     0.00     0.00 -1    -1e-30      0.00 7.302e-01 2.656e-01 6.725e-04 2.477e-04 1.800e-03 -1.000 4.172e-03 0.460 0.870 1.397 0.175
0.00415 -0.56713 10.07188 0.8831460476 2.4446843047    0.797  1.722  3.7069  2.397    4  0.000  0.498     0.00     0.00     0.00     0.00     0.00 -1    -1e-30      0.00 7.302e-01 2.656e-01 6.725e-04 2.477e-04 1.800e-03 -1.000 4.172e-03 0.465 0.874 1.399 0.180
0.00415 -0.56713 10.07188 0.8832073808 2.4447013898    0.798  1.720  3.7075  2.402    4  0.000  0.498     0.00     0.00     0.00     0.00     0.00 -1    -1e-30      0.00 7.302e-01 2.656e-01 6.725e-04 2.477e-04 1.800e-03 -1.000 4.172e-03 0.470 0.878 1.401 0.186
0.00415 -0.56713 10.07188 0.8832639456 2.4447171441    0.798  1.718  3.7081  2.406    4  0.000  0.498     0.00     0.00     0.00     0.00     0.00 -1    -1e-30      0.00 7.302e-01 2.656e-01 6.725e-04 2.477e-04 1.800e-03 -1.000 4.172e-03 0.475 0.881 1.403 0.190
0.00415 -0.56713 10.07188 0.8833201528 2.4447327965    0.798  1.717  3.7086  2.409    4  0.000  0.498     0.00     0.00     0.00     0.00     0.00 -1    -1e-30      0.00 7.302e-01 2.656e-01 6.725e-04 2.477e-04 1.800e-03 -1.000 4.172e-03 0.478 0.884 1.405 0.194
0.00415 -0.56713 10.07188 0.8833779097 2.4447488781    0.798  1.715  3.7091  2.413    4  0.000  0.498     0.00     0.00     0.00     0.00     0.00 -1    -1e-30      0.00 7.302e-01 2.656e-01 6.725e-04 2.477e-04 1.800e-03 -1.000 4.172e-03 0.481 0.886 1.406 0.197
0.00415 -0.56713 10.07188 0.8834407926 2.4447663842    0.798  1.714  3.7096  2.416    4  0.000  0.498     0.00     0.00     0.00     0.00     0.00 -1    -1e-30      0.00 7.302e-01 2.656e-01 6.725e-04 2.477e-04 1.800e-03 -1.000 4.172e-03 0.485 0.889 1.407 0.200
0.00415 -0.56713 10.07188 0.8835000396 2.4447828755    0.798  1.713  3.7100  2.419    4  0.000  0.498     0.00     0.00     0.00     0.00     0.00 -1    -1e-30      0.00 7.302e-01 2.656e-01 6.725e-04 2.477e-04 1.800e-03 -1.000 4.172e-03 0.487 0.890 1.408 0.203
0.00415 -0.56713 10.07188 0.8835621476 2.4448001604    0.798  1.712  3.7104  2.421    4  0.000  0.498     0.00     0.00     0.00     0.00     0.00 -1    -1e-30      0.00 7.302e-01 2.656e-01 6.725e-04 2.477e-04 1.800e-03 -1.000 4.172e-03 0.489 0.892 1.408 0.205
0.00415 -0.56713 10.07188 0.8835678697 2.4448017528    0.798  1.712  3.7104  2.421    4  0.000  0.498     0.00     0.00     0.00     0.00     0.00 -1    -1e-30      0.00 7.302e-01 2.656e-01 6.725e-04 2.477e-04 1.800e-03 -1.000 4.172e-03 0.489 0.892 1.408 0.205
0.00415 -0.56713 10.07188 0.8835744858 2.4448035939    0.798  1.712  3.7104  2.421    4  0.000  0.498     0.00     0.00     0.00     0.00     0.00 -1    -1e-30      0.00 7.302e-01 2.656e-01 6.725e-04 2.477e-04 1.800e-03 -1.000 4.172e-03 0.489 0.892 1.408 0.205
0.00415 -0.56713 10.07188 0.8836348057 2.4448203779    0.798  1.712  3.7107  2.423    4  0.000  0.498     0.00     0.00     0.00     0.00     0.00 -1    -1e-30      0.00 7.302e-01 2.656e-01 6.725e-04 2.477e-04 1.800e-03 -1.000 4.172e-03 0.490 0.892 1.408 0.206
0.00415 -0.56713 10.07188 0.8836975098 2.4448378226    0.798  1.712  3.7110  2.424    4  0.000  0.498     0.00     0.00     0.00     0.00     0.00 -1    -1e-30      0.00 7.302e-01 2.656e-01 6.725e-04 2.477e-04 1.800e-03 -1.000 4.172e-03 0.491 0.893 1.407 0.207
0.00415 -0.56713 10.07188 0.8837590814 2.4448549494    0.798  1.712  3.7112  2.425    4  0.000  0.498     0.00     0.00     0.00     0.00     0.00 -1    -1e-30      0.00 7.302e-01 2.656e-01 6.725e-04 2.477e-04 1.800e-03 -1.000 4.173e-03 0.490 0.892 1.406 0.207
0.00415 -0.56713 10.07188 0.8838184476 2.4448714602    0.798  1.712  3.7113  2.425    4  0.000  0.498     0.00     0.00     0.00     0.00     0.00 -1    -1e-30      0.00 7.302e-01 2.656e-01 6.725e-04 2.477e-04 1.800e-03 -1.000 4.172e-03 0.489 0.891 1.405 0.206
0.00415 -0.56713 10.07188 0.8838793039 2.4448883828    0.798  1.713  3.7113  2.424    4  0.000  0.498     0.00     0.00     0.00     0.00     0.00 -1    -1e-30      0.00 7.302e-01 2.656e-01 6.725e-04 2.477e-04 1.800e-03 -1.000 4.172e-03 0.487 0.889 1.403 0.204
0.00415 -0.56713 10.07188 0.8839403987 2.4449053689    0.798  1.714  3.7112  2.423    4  0.000  0.498     0.00     0.00     0.00     0.00     0.00 -1    -1e-30      0.00 7.302e-01 2.656e-01 6.725e-04 2.477e-04 1.800e-03 -1.000 4.172e-03 0.484 0.886 1.400 0.200
0.00415 -0.56713 10.07188 0.8840005398 2.4449220873    0.798  1.716  3.7111  2.421    4  0.000  0.498     0.00     0.00     0.00     0.00     0.00 -1    -1e-30      0.00 7.302e-01 2.656e-01 6.725e-04 2.477e-04 1.800e-03 -1.000 4.172e-03 0.480 0.882 1.397 0.196
0.00415 -0.56713 10.07188 0.8840068579 2.4449238435    0.798  1.716  3.7111  2.421    4  0.000  0.498     0.00     0.00     0.00     0.00     0.00 -1    -1e-30      0.00 7.302e-01 2.656e-01 6.725e-04 2.477e-04 1.800e-03 -1.000 4.172e-03 0.480 0.882 1.396 0.196
0.00415 -0.56713 10.07188 0.8840567470 2.4449377098    0.799  1.718  3.7109  2.418    4  0.000  0.498     0.00     0.00     0.00     0.00     0.00 -1    -1e-30      0.00 7.302e-01 2.656e-01 6.725e-04 2.477e-04 1.800e-03 -1.000 4.172e-03 0.475 0.877 1.392 0.191
0.00415 -0.56713 10.07188 0.8841137290 2.4449535452    0.799  1.720  3.7105  2.414    4  0.000  0.498     0.00     0.00     0.00     0.00     0.00 -1    -1e-30      0.00 7.302e-01 2.656e-01 6.725e-04 2.477e-04 1.800e-03 -1.000 4.172e-03 0.469 0.872 1.388 0.185
0.00415 -0.56713 10.07188 0.8841708302 2.4449694115    0.799  1.723  3.7101  2.410    4  0.000  0.498     0.00     0.00     0.00     0.00     0.00 -1    -1e-30      0.00 7.302e-01 2.656e-01 6.725e-04 2.477e-04 1.800e-03 -1.000 4.172e-03 0.462 0.865 1.382 0.177
0.00415 -0.56713 10.07188 0.8842251301 2.4449844972    0.799  1.727  3.7097  2.404    4  0.000  0.498     0.00     0.00     0.00     0.00     0.00 -1    -1e-30      0.00 7.302e-01 2.656e-01 6.725e-04 2.477e-04 1.800e-03 -1.000 4.172e-03 0.453 0.857 1.375 0.169
0.00415 -0.56713 10.07188 0.8842808008 2.4449999615    0.799  1.731  3.7091  2.398    4  0.000  0.498     0.00     0.00     0.00     0.00     0.00 -1    -1e-30      0.00 7.302e-01 2.656e-01 6.725e-04 2.477e-04 1.800e-03 -1.000 4.172e-03 0.443 0.848 1.367 0.158
0.00415 -0.56713 10.07188 0.8843364120 2.4450154070    0.799  1.735  3.7085  2.391    4  0.000  0.498     0.00     0.00     0.00     0.00     0.00 -1    -1e-30      0.00 7.302e-01 2.656e-01 6.725e-04 2.477e-04 1.800e-03 -1.000 4.172e-03 0.432 0.838 1.359 0.147
0.00415 -0.56713 10.07188 0.8843911886 2.4450306186    0.799  1.740  3.7080  2.385    4  0.000  0.498     0.00     0.00     0.00     0.00     0.00 -1    -1e-30      0.00 7.302e-01 2.656e-01 6.725e-04 2.477e-04 1.800e-03 -1.000 4.172e-03 0.421 0.828 1.350 0.136
0.00415 -0.56713 10.07188 0.8844456673 2.4450457452    0.799  1.742  3.7077  2.381    4  0.000  0.498     0.00     0.00     0.00     0.00     0.00 -1    -1e-30      0.00 7.302e-01 2.656e-01 6.725e-04 2.477e-04 1.800e-03 -1.000 4.173e-03 0.415 0.822 1.345 0.130
0.00415 -0.56713 10.07188 0.8845022917 2.4450614654    0.799  1.750  3.7066  2.369    4  0.000  0.498     0.00     0.00     0.00     0.00     0.00 -1    -1e-30      0.00 7.302e-01 2.656e-01 6.725e-04 2.477e-04 1.800e-03 -1.000 4.172e-03 0.394 0.803 1.329 0.109
0.00415 -0.56713 10.07188 0.8845573068 2.4450767366    0.799  1.764  3.7048  2.348    4  0.000  0.498     0.00     0.00     0.00     0.00     0.00 -1    -1e-30      0.00 7.302e-01 2.656e-01 6.725e-04 2.477e-04 1.800e-03 -1.000 4.172e-03 0.360 0.772 1.302 0.074
0.00415 -0.56713 10.07188 0.8846130967 2.4450922206    0.799  1.783  3.7025  2.320    4  0.000  0.498     0.00     0.00     0.00     0.00     0.00 -1    -1e-30      0.00 7.302e-01 2.656e-01 6.725e-04 2.477e-04 1.800e-03 -1.000 4.172e-03 0.313 0.729 1.265 0.026
0.00415 -0.56713 10.07188 0.8846688867 2.4451077024    0.799  1.816  3.6986  2.271    4  0.000  0.498     0.00     0.00     0.00     0.00     0.00 -1    -1e-30      0.00 7.302e-01 2.656e-01 6.725e-04 2.477e-04 1.800e-03 -1.000 4.172e-03 0.230 0.654 1.200 -0.057
0.00415 -0.56713 10.07188 0.8847001195 2.4451163686    0.799  1.852  3.6945  2.219    4  0.000  0.498     0.00     0.00     0.00     0.00     0.00 -1    -1e-30      0.00 7.302e-01 2.656e-01 6.725e-04 2.477e-04 1.800e-03 -1.000 4.172e-03 0.141 0.573 1.129 -0.146
0.00415 -0.56713 10.07188 0.8847157359 2.4451207015    0.799  1.890  3.6902  2.164    4  0.000  0.498     0.00     0.00     0.00     0.00     0.00 -1    -1e-30      0.00 7.302e-01 2.656e-01 6.725e-04 2.477e-04 1.800e-03 -1.000 4.172e-03 0.046 0.486 1.054 -0.242
0.00415 -0.56713 10.07188 0.8847233057 2.4451228017    0.799  1.927  3.6860  2.110    4  0.000  0.498     0.00     0.00     0.00     0.00     0.00 -1    -1e-30      0.00 7.302e-01 2.656e-01 6.725e-04 2.477e-04 1.800e-03 -1.000 4.172e-03 -0.048 0.403 0.982 -0.334
0.00415 -0.56713 10.07188 0.8847268224 2.4451237773    0.799  1.963  3.6822  2.058    4  0.000  0.498     0.00     0.00     0.00     0.00     0.00 -1    -1e-30      0.00 7.302e-01 2.656e-01 6.725e-04 2.477e-04 1.800e-03 -1.000 4.172e-03 -0.138 0.323 0.913 -0.421
0.00415 -0.56713 10.07188 0.8847288489 2.4451243396    0.799  1.998  3.6785  2.009    4  0.000  0.498     0.00     0.00     0.00     0.00     0.00 -1    -1e-30      0.00 7.302e-01 2.656e-01 6.725e-04 2.477e-04 1.800e-03 -1.000 4.172e-03 -0.225 0.245 0.845 -0.507
0.00415 -0.56713 10.07188 0.8847301602 2.4451247034    0.799  2.034  3.6749  1.958    4  0.000  0.498     0.00     0.00     0.00     0.00     0.00 -1    -1e-30      0.00 7.302e-01 2.656e-01 6.725e-04 2.477e-04 1.800e-03 -1.000 4.172e-03 -0.315 0.164 0.775 -0.596
0.00415 -0.56713 10.07188 0.8847305179 2.4451248026    0.799  2.045  3.6737  1.942    7  0.000  0.498     0.00     0.00     0.00     0.00     0.00 -1 -8.87e-10      0.00 7.302e-01 2.641e-01 6.725e-04 2.477e-04 1.800e-03 -1.000 5.682e-03 -0.343 0.138 0.753 -0.624
0.00415 -0.56713 10.07188 0.8847308755 2.4451249018    0.799  2.061  3.6722  1.921    7  0.000  0.498     0.00     0.00     0.00     0.00     0.00 -1 -9.69e-10      0.00 7.302e-01 2.641e-01 6.725e-04 2.477e-04 1.800e-03 -1.000 5.682e-03 -0.382 0.103 0.722 -0.662
0.00415 -0.56713 10.07188 0.8847317696 2.4451251499    0.799  2.097  3.6688  1.871    7  0.000  0.498     0.00     0.00     0.00     0.00     0.00 -1 -1.18e-09      0.00 7.302e-01 2.641e-01 6.725e-04 2.477e-04 1.800e-03 -1.000 5.682e-03 -0.471 0.022 0.652 -0.751
0.00415 -0.56713 10.07188 0.8847326040 2.4451253814    0.799  2.132  3.6654  1.822    7  0.000  0.498     0.00     0.00     0.00     0.00     0.00 -1 -1.43e-09      0.00 7.302e-01 2.641e-01 6.725e-04 2.477e-04 1.800e-03 -1.000 5.682e-03 -0.560 -0.057 0.584 -0.838
0.00415 -0.56713 10.07188 0.8847334981 2.4451256294    0.799  2.154  3.6633  1.791    7  0.000  0.498     0.00     0.00     0.00     0.00     0.00 -1 -1.61e-09      0.00 7.302e-01 2.641e-01 6.725e-04 2.477e-04 1.800e-03 -1.000 5.682e-03 -0.616 -0.107 0.541 -0.892
0.00415 -0.56713 10.07188 0.8847344518 2.4451258940    0.799  2.161  3.6626  1.781    7  0.000  0.498     0.00     0.00     0.00     0.00     0.00 -1 -1.67e-09      0.00 7.302e-01 2.641e-01 6.725e-04 2.477e-04 1.800e-03 -1.000 5.682e-03 -0.634 -0.123 0.527 -0.909
0.00415 -0.56713 10.07188 0.8847368360 2.4451265555    0.799  2.154  3.6633  1.792    7  0.000  0.498     0.00     0.00     0.00     0.00     0.00 -1  -1.6e-09      0.00 7.302e-01 2.641e-01 6.725e-04 2.477e-04 1.800e-03 -1.000 5.682e-03 -0.614 -0.106 0.542 -0.890
0.00415 -0.56713 10.07188 0.8847383261 2.4451269689    0.799  2.136  3.6651  1.817    7  0.000  0.498     0.00     0.00     0.00     0.00     0.00 -1 -1.45e-09      0.00 7.302e-01 2.641e-01 6.725e-04 2.477e-04 1.800e-03 -1.000 5.682e-03 -0.569 -0.065 0.577 -0.846
0.00415 -0.56713 10.07188 0.8847418427 2.4451279445    0.798  2.132  3.6654  1.822    7  0.000  0.498     0.00     0.00     0.00     0.00     0.00 -1 -1.43e-09      0.00 7.302e-01 2.641e-01 6.725e-04 2.477e-04 1.800e-03 -1.000 5.682e-03 -0.561 -0.058 0.583 -0.838
0.00415 -0.56713 10.07188 0.8847541809 2.4451313674    0.798  2.126  3.6660  1.829    7  0.000  0.498     0.00     0.00     0.00     0.00     0.00 -1 -1.39e-09      0.00 7.302e-01 2.641e-01 6.725e-04 2.477e-04 1.800e-03 -1.000 5.682e-03 -0.546 -0.044 0.595 -0.824
0.00415 -0.56713 10.07188 0.8847855330 2.4451400647    0.796  2.148  3.6638  1.798    7  0.000  0.498     0.00     0.00     0.00     0.00     0.00 -1 -1.58e-09      0.00 7.302e-01 2.641e-01 6.725e-04 2.477e-04 1.800e-03 -1.000 5.682e-03 -0.600 -0.093 0.553 -0.877
0.00415 -0.56713 10.07188 0.8848096728 2.4451467609    0.794  2.193  3.6594  1.735    7  0.000  0.498     0.00     0.00     0.00     0.00     0.00 -1 -2.04e-09      0.00 7.302e-01 2.641e-01 6.725e-04 2.477e-04 1.800e-03 -1.000 5.682e-03 -0.712 -0.192 0.468 -0.985
0.00415 -0.56713 10.07188 0.8848318458 2.4451529110    0.792  2.241  3.6549  1.667    7  0.000  0.498     0.00     0.00     0.00     0.00     0.00 -1 -2.67e-09      0.00 7.302e-01 2.641e-01 6.725e-04 2.477e-04 1.800e-03 -1.000 5.682e-03 -0.833 -0.296 0.379 -1.099
0.00415 -0.56713 10.07188 0.8848514557 2.4451583500    0.789  2.286  3.6507  1.604    7  0.000  0.498     0.00     0.00     0.00     0.00     0.00 -1 -3.43e-09      0.00 7.302e-01 2.641e-01 6.725e-04 2.477e-04 1.800e-03 -1.000 5.682e-03 -0.945 -0.394 0.295 -1.205
0.00415 -0.56713 10.07188 0.8848683238 2.4451630282    0.786  2.329  3.6467  1.544    7  0.000  0.498     0.00     0.00     0.00     0.00     0.00 -1 -4.36e-09      0.00 7.302e-01 2.641e-01 6.725e-04 2.477e-04 1.800e-03 -1.000 5.682e-03 -1.052 -0.484 0.217 -1.304
0.00415 -0.56713 10.07188 0.8848828673 2.4451670616    0.783  2.370  3.6429  1.485    7  0.000  0.498     0.00     0.00     0.00     0.00     0.00 -1 -5.49e-09      0.00 7.302e-01 2.641e-01 6.725e-04 2.477e-04 1.800e-03 -1.000 5.682e-03 -1.155 -0.571 0.143 -1.400
0.00415 -0.56713 10.07188 0.8848956227 2.4451705990    0.779  2.411  3.6392  1.428    7  0.000  0.498     0.00     0.00     0.00     0.00     0.00 -1 -6.89e-09      0.00 7.302e-01 2.641e-01 6.725e-04 2.477e-04 1.800e-03 -1.000 5.679e-03 -1.257 -0.656 0.072 -1.494
0.00415 -0.56713 10.07188 0.8849068284 2.4451737065    0.776  2.451  3.6355  1.371    7  0.000  0.498     0.00     0.00     0.00     0.00     0.00 -1 -8.63e-09      0.00 7.302e-01 2.641e-01 6.724e-04 2.477e-04 1.800e-03 -1.000 5.674e-03 -1.357 -0.739 0.004 -1.585
0.00415 -0.56713 10.07188 0.8849169016 2.4451764998    0.771  2.491  3.6319  1.314    7  0.000  0.498     0.00     0.00     0.00     0.00     0.00 -1 -1.08e-08      0.00 7.302e-01 2.641e-01 6.720e-04 2.479e-04 1.800e-03 -1.000 5.666e-03 -1.456 -0.820 -0.064 -1.676
0.00415 -0.56713 10.07188 0.8849261999 2.4451790782    0.766  2.531  3.6283  1.257    7  0.000  0.497    11.07     8.20     5.71     4.45     3.60  3 -1.35e-08      0.00 7.302e-01 2.642e-01 6.710e-04 2.484e-04 1.800e-03 -1.000 5.630e-03 -1.557 -0.902 -0.130 -1.766
0.00415 -0.56713 10.07188 0.8849348426 2.4451814748    0.760  2.571  3.6240  1.196    7  0.000  0.495    12.56     9.13     6.33     4.94     4.00  3 -1.69e-08      0.00 7.302e-01 2.642e-01 6.686e-04 2.503e-04 1.800e-03 -1.000 5.586e-03 -1.657 -0.980 -0.190 -1.854
0.00415 -0.56713 10.07188 0.8849428892 2.4451837060    0.754  2.611  3.6173  1.125    7  0.000  0.492    14.56    10.35     7.13     5.58     4.52  2 -2.12e-08      0.00 7.302e-01 2.642e-01 6.644e-04 2.545e-04 1.800e-03 -1.000 5.582e-03 -1.757 -1.042 -0.225 -1.933
0.00415 -0.56713 10.07188 0.8849468827 2.4451848133    0.749  2.632  3.6140  1.089    7  0.000  0.490    15.71    11.04     7.59     5.94     4.81  2 -2.39e-08      0.00 7.302e-01 2.642e-01 6.614e-04 2.579e-04 1.800e-03 -1.000 5.582e-03 -1.809 -1.075 -0.244 -1.974
0.00415 -0.56713 10.07188 0.8849542737 2.4451868627    0.740  2.671  3.6090  1.024    7  0.000  0.486    17.97    12.37     8.46     6.63     5.37  2 -3.03e-08      0.00 7.302e-01 2.642e-01 6.555e-04 2.648e-04 1.800e-03 -1.000 5.572e-03 -1.908 -1.145 -0.292 -2.057
0.00415 -0.56713 10.07188 0.8849614859 2.4451888624    0.729  2.711  3.6053  0.962    7  0.000  0.481    20.41    13.78     9.37     7.36     5.97  2 -3.88e-08      0.00 7.302e-01 2.643e-01 6.499e-04 2.716e-04 1.800e-03 -1.000 5.534e-03 -2.008 -1.221 -0.349 -2.144
0.00415 -0.56713 10.07188 0.8849683404 2.4451907630    0.715  2.752  3.6015  0.899    7  0.000  0.478    23.28    15.39    10.41     8.20     6.65  2    -5e-08      0.00 7.302e-01 2.643e-01 6.448e-04 2.779e-04 1.800e-03 -1.000 5.492e-03 -2.110 -1.298 -0.406 -2.232
0.00415 -0.56713 10.07188 0.8849743605 2.4451924321    0.700  2.791  3.5978  0.835    7  0.000  0.474    26.51    17.17    11.55     9.12     7.39  1 -6.42e-08      0.00 7.302e-01 2.643e-01 6.404e-04 2.833e-04 1.800e-03 -1.000 5.482e-03 -2.208 -1.371 -0.457 -2.316
0.00415 -0.56713 10.07188 0.8849796057 2.4451938864    0.684  2.829  3.5942  0.773    7  0.000  0.472    30.11    19.09    12.77    10.11     8.19  1 -8.23e-08      0.00 7.302e-01 2.643e-01 6.368e-04 2.877e-04 1.800e-03 -1.000 5.482e-03 -2.302 -1.439 -0.504 -2.395
0.00415 -0.56713 10.07188 0.8849833012 2.4451949110    0.668  2.864  3.5909  0.715    7  0.000  0.470    33.94    21.09    14.04    11.14     9.03  1 -1.04e-07      0.00 7.302e-01 2.643e-01 6.339e-04 2.912e-04 1.800e-03 -1.000 5.480e-03 -2.390 -1.504 -0.549 -2.469
0.00415 -0.56713 10.07188 0.8849861026 2.4451956877    0.653  2.897  3.5879  0.660    7  0.000  0.468    38.01    23.16    15.34    12.20     9.89  1  -1.3e-07      0.00 7.301e-01 2.644e-01 6.314e-04 2.943e-04 1.800e-03 -1.000 5.475e-03 -2.473 -1.563 -0.589 -2.539
0.00415 -0.56713 10.07188 0.8849886656 2.4451963983    0.636  2.932  3.5849  0.601    7  0.000  0.466    42.85    25.55    16.85    13.43    10.89  1 -1.66e-07      0.00 7.301e-01 2.644e-01 6.290e-04 2.972e-04 1.800e-03 -1.000 5.474e-03 -2.560 -1.626 -0.632 -2.612
0.00415 -0.56713 10.07188 0.8849910498 2.4451970593    0.616  2.967  3.5824  0.542    7  0.000  0.464    48.43    28.24    18.52    14.80    12.00  1 -2.16e-07      0.00 7.301e-01 2.644e-01 6.270e-04 2.997e-04 1.800e-03 -1.000 5.480e-03 -2.649 -1.694 -0.681 -2.689
0.00415 -0.56713 10.07188 0.8849936128 2.4451977699    0.586  3.009  3.5818  0.477    7  0.000  0.463    55.26    31.37    20.45    16.40    13.29  0 -3.04e-07      0.00 7.301e-01 2.644e-01 6.252e-04 3.019e-04 1.800e-03 -1.000 5.482e-03 -2.752 -1.789 -0.768 -2.789
0.00415 -0.56713 10.07188 0.8849957585 2.4451983648    0.553  3.046  3.5876  0.437    7  0.000  0.462    59.63    33.18    21.55    17.34    14.05  0 -4.32e-07      0.00 7.301e-01 2.644e-01 6.238e-04 3.036e-04 1.800e-03 -1.000 5.481e-03 -2.845 -1.924 -0.930 -2.909
0.00415 -0.56713 10.07188 0.8849969506 2.4451986953    0.530  3.066  3.6012  0.453    7  0.000  0.462    57.27    31.91    20.75    16.70    13.53  0 -5.37e-07      0.00 7.301e-01 2.644e-01 6.232e-04 3.044e-04 1.800e-03 -1.000 5.482e-03 -2.895 -2.067 -1.141 -3.018
0.00415 -0.56713 10.07188 0.8849971890 2.4451987614    0.513  3.071  3.6125  0.479    7  0.000  0.462    53.79    30.17    19.65    15.83    12.81  0 -5.64e-07      0.00 7.301e-01 2.644e-01 6.230e-04 3.046e-04 1.800e-03 -1.000 5.482e-03 -2.908 -2.152 -1.276 -3.074
0.00415 -0.56713 10.07188 1.0183410645 2.4766753896    0.531 -9.999  3.6840  7.928    9  0.532  0.000     0.00     0.00     0.00     0.00     0.00 -1    -1e-30      0.00 7.208e-01 2.750e-01 6.311e-04 3.522e-04 1.835e-03 -1.000 4.227e-03 29.767 30.203 30.823 29.438
#isochrone terminated
